     7.134     0.5198      2.436     0.9626 
   0.09718     0.1632     0.9724      1.223 
      1.27      1.324     0.9639      1.538     0.4995     0.9297     0.3724      1.164      7.168      1.472      4.396     0.4498       7.32     0.0859     0.9897 
     1.503       4.95     0.3466 
   0.05822      1.364      1.737     0.1379      2.048     0.4531     0.4357     0.5488      5.091      1.968     0.9967 
    0.9432      2.418      15.55      5.339      1.333     0.9775     0.2174     0.2044     0.6636 
     0.454      2.367     0.6877      9.057     0.1807      1.112     0.7268     0.1095     0.6285      11.55      19.87       0.35 
     4.287      8.675      1.511     0.4296     0.2331     0.2966      7.635       3.58     0.6542 
     2.824      1.707      6.547      1.774     0.3505     0.9844     0.3662   0.009435      2.759     0.7657      5.499 
    0.2138     0.8071     0.7792     0.1166     0.8591     0.6392     0.4247     0.5797      3.851 
     37.52     0.5682     0.7197     0.0829     0.7189 
     3.802      1.529      30.87      8.637      1.385      1.341     0.5219     0.9416     0.4633      1.475     0.6261     0.5692     0.3086 
     1.292      2.752       1.38     0.1971     0.6717      1.801     0.4083      2.607 
    0.7539    0.04767     0.4745     0.3106      2.383     0.4473      4.397      13.62     0.5916      4.647     0.8424      6.133       9.26      2.012     0.3213 
     1.866      2.681      4.238     0.9674     0.5842     0.6855     0.5775      4.064     0.9595 
    0.2538     0.9233    0.04694      1.751      2.727     0.7175      1.445     0.2721      0.476     0.7646      0.262     0.1841      1.302 
     1.218      1.297      1.419      2.148      1.237      1.423      0.656       1.02      1.077 
       1.2      2.034      2.622     0.9151      2.253     0.9398      1.561      1.014     0.5854      1.312    0.02425      5.329 
    0.6836     0.1309     0.5694      4.243 
    0.4511      5.294     0.7424 
     0.114     0.4806     0.6412      1.076     0.4193     0.9198 
     1.398      1.233      1.804      51.39      6.588     0.1971     0.8722     0.4738    0.06004      1.115     0.6743     0.3012      56.65 
    0.5821      2.494      2.923      1.082      73.77 
     4.267     0.5907     0.3619     0.6367 
    0.3053 
     1.019      2.181      1.151      1.011    0.03042       3.18     0.2607 
    0.4065      8.929     0.4271     0.1821      1.726      20.91      1.342      0.614     0.4271      1.524      0.519     0.3778      14.09     0.1519     0.8958 
     0.227     0.6733      1.364      1.549      4.618       1.18      6.582     0.9356     0.4591      1.015      1.296     0.3819      1.121      7.054      1.319 
    0.2987     0.6744      1.857      1.642     0.7931      1.972     0.4463       5.09      1.181       7.59      1.419     0.7205     0.9949      3.584      1.408 
    0.4859        1.3     0.8092     0.9828      1.552      1.123      1.017      1.364      7.613     0.9103 
     1.451      1.173      5.257      1.014      1.424     0.6538      0.229     0.2539      1.381      3.622      2.037      33.18 
     3.227      1.066     0.7424     0.9007 
     1.992      2.271      3.226     0.8155     0.6561      0.237      2.684      3.802     0.3745      2.737      1.167     0.2187       4.31      3.394      10.88 
   0.02369     0.7843      1.372      1.252    0.05842     0.9801      1.909     0.2297       0.57     0.2135      5.848      1.188      6.872      5.416     0.3989 
    0.4283     0.4125      5.368      1.324     0.2283      7.246     0.3737     0.6021      2.081      1.088      1.252 
     6.786      1.937       1.39       2.51      2.698     0.2242      0.962     0.9149     0.6862     0.9222 
      1.07      1.612     0.5032    0.01963      21.16       2.67      0.315      13.59     0.6288      1.204 
     11.67      1.097      19.89      2.409       11.3 
     1.311   0.006078      5.806      1.039      4.131     0.2748     0.6138      7.076      1.348     0.2411      3.288     0.8657      1.974 
    0.2906      3.055      1.343     0.1554      1.338      1.445     0.4907      11.65     0.3365      2.135      3.488     0.3401      17.71 
     1.284      1.815     0.2495      12.93     0.1507     0.1949     0.5882      1.084      0.157    0.09413      2.581      0.266     0.5743      1.365      2.103 
     1.149       4.59      1.801 
     37.18 
     2.169 
    0.1134 
    0.1744     0.3015      2.836     0.9641      11.29     0.3116 
     3.813      1.836     0.2625     0.8024      15.77 
     2.009      32.14      1.883       1.19     0.8602     0.8591     0.5872    0.07908     0.8738      1.059    0.06262     0.5152      1.526     0.6443 
     1.079     0.5105     0.6433      1.155      1.406      1.026      5.499      5.105      1.433 
     1.172     0.4665      1.668     0.9359    0.07948      17.62     0.7784     0.5154     0.6705 
     1.652     0.4098 
      8.44      1.255     0.7918     0.7558    0.06478      1.138      1.021     0.2604      1.438      1.369      1.025      1.054     0.2211 
     6.686     0.4251     0.5375      1.279      1.652      2.031      2.303    0.02994     0.2494      1.159     0.6191 
     1.931     0.8326     0.2915     0.1763     0.6686      7.299      0.831     0.5358 
    0.2952      1.529      1.379 
    0.5214     0.2545     0.7892     0.5468      2.291      3.432     0.2803      1.593      1.196      7.005       1.35      1.123      1.853     0.6618 
    0.2179     0.7348     0.1927      1.431     0.6475 
  0.009419      1.336     0.2954 
    0.2248      2.218      1.834     0.6659      1.144    0.03417    0.02065      2.362     0.2582      1.649      20.54 
     31.89      22.51       1.04     0.1436   0.001453      1.046      1.224     0.5155      1.162      1.081      1.636 
     1.815      1.581     0.7931     0.7622      1.635      1.592 
    0.8428    0.02634   0.005162     0.5249     0.9848     0.9501     0.3017     0.6255      1.887          3     0.6691    0.04206      0.688 
    0.2384     0.8481     0.1242      1.202      3.905     0.2171     0.7514      1.379     0.9244     0.5459      3.095      4.095      1.295 
     8.124 
    0.4027      4.227     0.8319     0.6461     0.1475      2.181     0.4423     0.7822 
     4.032       1.42     0.2358       1.97     0.4657     0.7819     0.2966      1.171 
   0.09497      3.139      1.029     0.8852      1.326     0.1314     0.7091 
   0.03167      1.025      11.51      1.325      2.064      1.566      33.29      1.592     0.5714      37.41 
     4.995      14.03     0.8835      2.553      2.458     0.5346      15.35 
     1.978     0.8306     0.7243      7.816     0.8216      2.452     0.9101      1.194      2.949      4.218 
    0.2638      1.445 
     1.762     0.1725      3.183      1.254     0.1792    0.01114      1.205    0.03325      1.328 
    0.8152      10.23      2.766 
    0.6123      11.95     0.5694       2.56     0.8731     0.8454     0.7113     0.2564     0.5661      6.867     0.3872     0.9803 
     1.143       3.53      167.8      1.433      1.823      1.761 
    0.2381     0.4917      57.14      1.002     0.4973      1.737    0.03198      3.111      0.954      6.381      3.302      1.222      64.55     0.7489     0.2758 
     1.032       6.93      19.53       1.95      18.54     0.8608     0.5864     0.9328     0.2375      1.365     0.4605      1.177      0.402 
     1.978     0.9815     0.8681    0.07308     0.4179       4.81     0.3014     0.3556      3.198      2.251 
    0.6177      1.398      3.506     0.3981    0.02781     0.2208     0.2388     0.4992      1.562     0.8894 
     1.417      2.483     0.5507       0.14      63.84      1.877     0.7314      6.425     0.8203       1.77     0.6096      1.108      1.052     0.2164 
     1.588     0.6369      1.888     0.9311     0.3539      1.095      1.189     0.5715     0.2134 
    0.9516     0.5889      9.051      3.446     0.7921      1.477     0.3635     0.2866      2.677     0.5413 
     1.528      2.588      18.54 
    0.4041      1.426      1.083     0.7338      1.014     0.5784     0.8421      1.014       2.14      1.684      3.644 
   0.02196       4.85 
    0.7529     0.2103     0.8304 
    0.7104 
    0.9049     0.4267     0.8182      8.675      1.586     0.4925     0.5823      41.78     0.8303      1.145      1.247     0.4649 
     1.006 
 0.0007698     0.8024      2.201      1.006     0.8969      6.039      2.551     0.6848     0.1236       1.17 
     1.928      1.235      1.736      1.157      4.481   0.004284 
     4.459      3.717      1.242      1.148      2.326      47.72     0.1006      1.384     0.3302      30.93     0.5631       1.68     0.8794      1.299      12.51 
     1.098      1.652      6.643      0.436     0.9197     0.9179     0.5855       1.31     0.9906     0.6134     0.2129 
     1.376     0.5861      4.608     0.7199 
     1.023      1.347 
    0.6789    0.04245       2.16      1.533     0.2036      1.338    0.00159       0.89    0.04609      1.862      4.534     0.5123 
     1.873      1.114      1.521      2.718      1.249      1.307     0.8819     0.7336      2.033     0.9981      0.381      54.69     0.7819      2.332 
     2.835 
     5.358     0.7677      0.633      1.088     0.4377     0.8999
   0.05944      15.32      0.478     0.1495      1.194     0.8486     0.8674     0.2302     0.7416     0.6187      1.292     0.6774      1.646    0.09431      1.599